InRange	Assigned	Partially
0	0	0
93	93	1
96	91	0
96	93	2
95	95	0
93	92	1
93	90	0
96	95	2
96	92	0
96	95	1
96	96	2
97	95	1
96	90	0
95	90	1
93	91	1
95	95	2
96	96	1
96	95	2
95	92	0
96	96	0
95	95	1
95	90	2
97	95	1
97	92	2
95	93	0
96	92	3
96	93	1
97	97	0
97	91	1
97	92	1
98	92	2
98	98	0
97	93	1
93	93	0
98	95	0
96	92	1
96	96	0
97	96	0
96	96	0
97	97	1
96	93	2
93	93	1
97	97	0
93	93	0
97	97	0
93	93	0
93	93	0
96	96	0
96	96	0
96	96	0
96	96	1
95	95	1
95	95	0
95	95	0
96	96	1
97	97	0
96	96	1
96	96	1
95	93	2
93	93	0
96	95	2
97	97	2
97	95	3
98	97	6
96	96	0
98	95	2
97	97	0
96	95	1
96	96	0
93	93	1
95	95	0
95	91	1
96	90	1
96	91	1
98	98	3
96	95	1
97	95	1
96	91	1
96	91	2
97	90	2
96	92	1
96	96	1
98	95	1
98	98	1
97	97	1
97	93	0
96	96	1
95	95	1
96	95	1
98	95	0
97	97	0
97	96	1
98	96	1
97	97	1
98	97	2
96	96	0
97	97	0
98	98	0
100	100	0
98	98	0
98	98	0
97	97	0
97	92	1
95	93	0
93	93	0
97	97	3
96	87	0
96	95	1
97	93	2
97	97	1
96	96	0
97	95	1
97	92	2
96	95	0
96	96	0
95	95	0
95	95	0
92	92	1
91	91	0
91	91	0
91	91	0
93	93	0
96	96	0
96	96	0
93	93	0
98	98	0
96	96	0
96	96	0
97	97	0
97	97	0
97	95	0
97	97	0
96	96	0
96	93	0
98	98	0
96	96	0
97	97	0
96	96	0
95	95	0
98	98	0
98	98	0
97	97	0
97	97	1
97	90	0
98	95	1
96	93	1
95	93	1
97	95	1
95	92	2
93	93	0
96	96	1
92	87	1
95	95	0
96	96	1
96	93	1
93	93	0
93	93	0
93	91	0
92	92	0
92	92	2
92	92	0
93	93	0
96	96	0
96	96	0
96	96	0
95	95	0
96	96	0
95	93	0
95	95	0
93	93	0
95	95	0
95	95	0
93	93	0
92	92	1
95	93	1
97	88	0
98	92	1
100	97	0
97	91	1
97	91	1
97	90	1
97	96	0
96	93	1
96	96	1
98	95	0
96	96	0
98	98	0
96	96	1
98	96	0
98	98	1
97	97	0
98	97	1
95	95	1
95	95	0
96	96	0
93	93	0
95	95	0
96	96	0
92	92	0
96	95	1
95	95	0
96	96	0
96	96	0
96	96	0
95	95	0
97	96	0
95	95	0
97	97	0
96	96	0
95	95	0
96	96	0
98	98	0
100	98	1
96	96	0
97	97	0
95	95	0
96	96	0
97	97	0
98	98	0
98	98	0
96	96	0
98	98	0
96	96	0
97	97	0
97	96	0
95	93	1
95	95	0
98	98	0
96	96	0
97	97	0
96	96	0
97	97	0
95	95	0
97	97	0
97	97	0
96	96	1
95	95	0
97	97	0
95	95	0
97	97	0
98	98	0
98	98	0
96	96	1
96	96	0
97	97	0
98	98	0
96	96	0
96	96	0
97	97	0
96	96	0
93	93	0
97	97	0
97	97	0
97	97	0
98	98	0
98	98	0
98	98	0
100	100	0
98	98	0
96	96	0
97	97	0
98	98	0
100	100	0
98	98	0
98	98	0
96	96	0
98	98	0
98	98	0
97	97	0
98	98	0
98	98	0
100	100	0
100	100	0
98	96	1
98	98	0
97	97	0
98	98	0
97	97	0
97	97	0
97	97	0
97	97	0
96	96	0
95	95	0
95	95	0
93	93	0
93	93	0
97	97	0
95	95	0
97	97	1
96	96	0
97	97	0
97	97	0
97	97	0
95	95	0
96	96	0
95	95	0
97	97	0
98	98	0
98	98	0
95	95	0
