InRange	Assigned	Partially
0	0	0
93	76	8
96	77	8
96	82	5
95	75	6
93	83	5
93	87	3
96	80	6
96	83	5
96	82	5
96	80	5
97	80	6
96	80	5
95	81	2
93	80	3
95	85	5
96	82	5
96	78	6
95	83	6
96	76	7
95	75	7
95	71	7
97	82	5
97	81	2
95	81	3
96	76	5
96	81	2
97	81	8
97	85	6
97	76	5
98	85	6
98	86	5
97	87	2
93	82	5
98	88	5
96	86	10
96	85	3
97	83	7
96	77	7
97	80	7
96	83	3
93	88	2
97	93	3
93	85	6
97	88	2
93	87	3
93	85	2
96	90	6
96	92	2
96	83	5
96	86	3
95	88	5
95	91	5
95	87	0
96	86	8
97	88	7
96	81	5
96	82	7
95	82	2
93	77	1
96	83	2
97	82	2
97	83	3
98	90	5
96	82	2
98	88	5
97	83	3
96	83	6
96	90	5
93	83	5
95	76	6
95	81	3
96	78	3
96	82	5
98	81	3
96	83	6
97	77	1
96	73	1
96	72	2
97	73	3
96	80	5
96	83	2
98	76	6
98	82	2
97	85	3
97	86	5
96	92	0
95	85	3
96	87	2
98	80	2
97	83	3
97	86	5
98	88	5
97	88	1
98	87	5
96	86	3
97	86	3
98	93	1
100	90	1
98	88	5
98	92	3
97	92	3
97	83	2
95	82	5
93	86	1
97	85	2
96	82	2
96	80	2
97	82	7
97	81	2
96	85	2
97	80	5
97	76	5
96	86	3
96	83	5
95	81	2
95	87	5
92	86	2
91	86	5
91	83	5
91	88	6
93	91	2
96	88	5
96	87	6
93	83	3
98	91	5
96	86	6
96	86	5
97	92	1
97	87	2
97	82	2
97	92	2
96	88	3
96	88	1
98	92	1
96	86	6
97	90	1
96	90	1
95	91	1
98	87	1
98	86	1
97	91	5
97	85	7
97	88	1
98	86	3
96	86	2
95	85	3
97	87	3
95	87	3
93	90	1
96	85	3
92	78	3
95	82	5
96	80	5
96	82	6
93	85	2
93	82	2
93	83	5
92	85	2
92	82	1
92	90	2
93	87	2
96	92	2
96	87	3
96	82	5
95	85	6
96	88	3
95	88	1
95	88	0
93	86	3
95	90	3
95	90	1
93	85	1
92	83	1
95	87	1
97	77	2
98	82	2
100	82	2
97	83	3
97	81	2
97	83	2
97	81	1
96	87	1
96	90	1
98	90	2
96	86	1
98	87	5
96	85	5
98	87	2
98	90	1
97	92	3
98	87	3
95	87	1
95	93	0
96	87	2
93	83	7
95	87	1
96	93	5
92	91	3
96	95	2
95	95	0
96	95	2
96	88	2
96	92	1
95	88	3
97	92	2
95	87	2
97	93	1
96	92	2
95	92	1
96	95	1
98	97	2
100	93	3
96	93	2
97	91	1
95	95	0
96	95	3
97	95	1
98	95	5
98	92	2
96	96	0
98	93	1
96	96	2
97	91	3
97	95	1
95	92	1
95	95	2
98	95	1
96	96	0
97	97	0
96	96	2
97	91	2
95	90	3
97	93	1
97	90	3
96	86	0
95	92	1
97	88	1
95	90	2
97	97	0
98	97	3
98	91	3
96	93	0
96	91	6
97	97	2
98	96	2
96	96	1
96	93	2
97	96	0
96	96	2
93	93	1
97	93	1
97	95	0
97	97	0
98	95	1
98	92	3
98	97	0
100	98	0
98	97	1
96	96	0
97	95	2
98	97	1
100	96	0
98	92	1
98	95	0
96	91	3
98	98	0
98	98	1
97	95	0
98	96	0
98	96	1
100	96	2
100	98	0
98	96	1
98	98	0
97	97	2
98	92	1
97	92	2
97	93	1
97	96	1
97	95	0
96	92	0
95	95	0
95	93	0
93	92	0
93	93	0
97	97	0
95	92	1
97	93	2
96	96	0
97	97	0
97	96	1
97	97	1
95	95	0
96	95	1
95	95	0
97	97	0
98	93	2
98	92	3
95	95	2
