InRange	Assigned	Partially
0	0	0
91	90	1
91	90	2
92	90	0
96	93	1
98	93	2
98	92	0
96	96	1
88	87	0
87	86	0
88	86	0
90	90	0
90	90	2
92	88	1
95	91	1
93	92	0
92	91	0
92	90	0
87	87	0
86	86	0
86	86	1
86	86	0
87	87	0
88	88	0
91	87	1
93	91	2
95	95	2
93	92	1
91	91	1
90	88	1
90	85	1
91	91	0
93	91	2
93	93	0
97	97	2
97	97	1
98	98	0
97	97	0
96	96	1
91	91	0
90	90	1
93	93	0
93	91	0
92	92	0
90	90	0
93	93	0
93	93	0
95	95	0
93	91	1
93	93	2
93	92	0
95	95	1
95	93	1
96	93	0
97	92	0
96	91	2
95	86	1
93	85	1
90	87	0
87	87	1
88	85	1
92	88	0
92	87	2
91	88	3
95	95	1
96	93	1
96	96	0
96	95	1
95	95	0
93	93	0
92	92	0
93	93	0
96	88	1
97	92	0
96	95	0
97	95	0
96	90	0
95	91	1
88	86	2
80	80	0
83	82	1
83	83	1
82	82	0
86	86	1
90	90	0
90	87	1
90	90	0
86	83	2
83	83	0
82	82	0
85	85	0
82	82	0
83	82	0
88	87	2
90	87	1
90	90	0
87	87	1
88	88	0
90	90	0
90	90	0
88	88	0
88	88	1
88	87	1
91	88	0
93	93	0
95	95	1
96	96	0
97	96	1
93	90	0
92	92	1
92	91	0
91	91	0
95	95	0
93	93	0
95	93	0
96	96	1
97	96	1
95	95	0
93	93	1
93	93	0
95	93	1
96	92	0
96	93	1
95	95	2
96	96	0
95	92	2
92	92	0
92	92	1
92	92	0
95	91	0
95	95	3
93	92	1
97	91	1
97	93	1
97	93	0
95	88	1
95	90	1
92	87	1
88	85	1
88	83	2
88	87	1
91	88	1
92	88	0
93	91	0
96	92	1
95	88	1
95	87	1
93	92	0
93	91	0
91	88	1
91	86	0
90	83	1
88	88	0
90	87	1
87	87	1
90	90	0
90	90	0
88	88	0
85	85	0
85	85	0
86	82	2
88	86	1
90	83	1
90	88	1
90	90	1
91	91	0
91	82	1
87	87	0
86	86	0
87	87	0
85	85	0
85	83	0
90	90	0
93	93	0
95	95	0
97	96	0
93	93	0
93	93	0
92	92	0
91	90	0
90	90	0
88	88	0
90	90	0
90	90	0
90	90	0
91	91	0
90	90	0
90	90	0
90	90	0
90	90	0
88	88	0
90	90	0
91	91	0
92	92	0
92	92	0
95	95	0
96	96	0
96	96	0
95	95	0
93	93	0
95	95	0
92	92	0
93	93	0
91	91	0
91	91	0
92	91	0
93	93	0
91	88	0
93	91	1
95	95	0
92	92	2
92	92	0
90	90	0
90	88	1
90	90	0
90	90	0
90	90	0
90	90	0
90	90	0
90	90	0
91	91	0
95	95	0
95	95	0
93	93	0
93	93	0
91	91	0
91	91	0
91	91	0
90	90	0
90	90	0
91	91	0
92	92	0
93	93	0
95	95	0
93	93	0
95	95	0
95	95	0
91	91	0
93	93	0
91	91	0
91	91	0
90	90	0
90	90	0
87	87	0
87	87	0
86	86	0
85	85	0
88	88	0
90	90	0
88	88	0
90	90	0
90	90	0
87	87	0
87	87	0
88	87	0
87	87	1
81	81	0
85	83	0
86	86	0
85	85	0
85	85	0
86	85	1
86	86	0
87	86	0
87	86	0
87	86	0
90	90	0
86	86	0
90	90	0
91	86	1
91	88	0
90	90	0
91	91	0
92	91	1
91	88	0
95	95	0
95	95	0
93	93	0
91	91	0
91	91	0
91	91	0
88	88	0
86	86	0
85	85	0
85	85	0
88	88	0
88	88	0
88	88	0
87	87	0
90	90	0
92	92	0
91	91	0
91	91	0
92	92	0
92	92	0
92	92	0
90	90	0
87	87	0
88	88	0
87	87	0
