InRange	Assigned	Partially
0	0	0
91	71	5
91	71	5
92	75	5
96	80	7
98	78	6
98	81	3
96	78	7
88	77	3
87	77	2
88	75	3
90	73	8
90	80	6
92	78	5
95	77	7
93	80	2
92	78	5
92	77	6
87	77	7
86	76	2
86	78	2
86	73	3
87	78	5
88	81	5
91	77	6
93	77	5
95	82	7
93	80	5
91	78	3
90	80	3
90	80	5
91	75	3
93	83	3
93	72	5
97	82	6
97	75	5
98	81	6
97	83	7
96	77	3
91	82	3
90	82	6
93	86	1
93	86	2
92	85	3
90	86	3
93	83	5
93	81	2
95	85	3
93	83	3
93	80	3
93	82	2
95	83	3
95	88	2
96	85	2
97	81	6
96	85	3
95	81	0
93	78	1
90	85	3
87	81	1
88	83	5
92	85	2
92	83	2
91	82	0
95	83	2
96	87	1
96	90	5
96	86	5
95	86	2
93	87	2
92	80	5
93	88	1
96	87	6
97	87	1
96	86	2
97	91	1
96	83	5
95	80	3
88	76	1
80	76	2
83	78	1
83	77	2
82	71	6
86	75	1
90	80	2
90	76	3
90	81	2
86	77	3
83	80	3
82	78	1
85	77	5
82	80	3
83	77	2
88	85	3
90	77	2
90	76	5
87	76	3
88	81	3
90	75	2
90	73	1
88	80	3
88	81	5
88	77	5
91	80	3
93	82	5
95	76	5
96	82	3
97	77	5
93	82	6
92	81	5
92	80	5
91	85	6
95	83	7
93	87	6
95	82	3
96	83	5
97	83	1
95	87	5
93	83	3
93	85	0
95	83	5
96	86	3
96	88	3
95	87	3
96	86	7
95	86	3
92	87	2
92	90	2
92	87	2
95	86	2
95	82	2
93	80	0
97	82	3
97	82	0
97	80	1
95	81	2
95	83	1
92	81	1
88	81	1
88	76	0
88	76	2
91	83	0
92	85	1
93	83	1
96	82	1
95	83	2
95	80	1
93	86	2
93	87	1
91	85	1
91	83	1
90	80	0
88	82	1
90	81	1
87	80	2
90	83	1
90	86	1
88	83	5
85	81	5
85	81	2
86	80	1
88	77	5
90	77	2
90	81	2
90	78	1
91	83	2
91	78	3
87	80	1
86	85	0
87	76	1
85	85	1
85	85	1
90	88	1
93	93	0
95	93	2
97	92	2
93	93	1
93	91	1
92	91	2
91	90	1
90	90	0
88	88	1
90	90	1
90	90	0
90	90	0
91	91	0
90	88	1
90	86	1
90	88	1
90	88	0
88	86	3
90	88	2
91	91	0
92	92	1
92	86	1
95	92	3
96	96	0
96	93	3
95	93	2
93	92	3
95	92	0
92	90	1
93	88	2
91	87	2
91	85	1
92	87	1
93	90	3
91	83	2
93	85	0
95	88	2
92	86	1
92	85	0
90	80	1
90	83	2
90	88	3
90	90	0
90	90	1
90	90	0
90	90	0
90	90	1
91	91	0
95	95	1
95	95	0
93	93	0
93	93	0
91	91	0
91	87	2
91	88	2
90	88	0
90	90	0
91	91	1
92	91	0
93	93	0
95	95	1
93	93	0
95	91	1
95	90	2
91	87	1
93	90	1
91	91	0
91	88	1
90	90	1
90	87	1
87	86	2
87	87	0
86	86	0
85	85	0
88	88	2
90	90	2
88	87	2
90	90	1
90	86	3
87	86	0
87	87	0
88	83	2
87	82	1
81	77	0
85	83	1
86	83	2
85	85	0
85	83	3
86	83	2
86	86	2
87	83	2
87	82	2
87	82	1
90	88	1
86	86	0
90	85	2
91	83	2
91	86	1
90	86	1
91	88	1
92	90	1
91	88	0
95	93	1
95	95	0
93	92	2
91	91	1
91	91	0
91	87	0
88	87	2
86	86	0
85	85	0
85	85	1
88	88	0
88	88	0
88	86	0
87	87	0
90	90	0
92	92	0
91	91	0
91	91	0
92	87	2
92	92	0
92	90	0
90	90	0
87	87	0
88	88	0
87	87	0
