InRange	Assigned	Partially
0	0	0
97	78	10
96	76	7
96	77	8
96	72	3
96	78	7
96	83	2
95	77	8
96	82	6
97	87	6
97	81	6
96	77	8
96	88	7
98	85	8
96	80	2
95	88	6
96	87	5
96	83	7
96	81	2
96	86	7
96	78	2
97	81	6
98	82	5
96	86	2
97	83	6
95	75	6
95	90	6
95	83	5
92	83	3
91	88	7
92	85	2
95	83	1
93	88	2
91	81	1
88	83	3
86	78	5
88	81	2
90	78	3
92	75	6
92	82	5
95	82	3
95	85	3
93	80	6
93	77	2
93	76	5
93	76	5
93	81	1
92	77	6
92	75	2
88	68	1
92	75	2
93	72	5
96	78	3
92	82	5
96	76	6
100	78	3
100	78	5
98	78	7
100	76	2
97	71	3
97	77	3
97	81	2
98	81	3
98	81	6
95	76	2
93	77	3
95	77	3
97	80	3
98	85	3
100	85	7
100	80	5
100	90	3
100	77	2
100	77	2
100	81	3
100	80	3
100	81	3
100	78	1
100	78	3
98	83	3
100	86	2
98	88	2
98	81	5
100	83	3
98	78	1
98	85	3
98	88	5
98	83	6
97	82	2
98	82	2
98	83	3
98	86	3
98	85	3
97	91	6
98	81	3
97	83	3
97	83	5
97	88	1
97	88	3
97	85	3
98	88	1
100	86	3
98	82	3
100	85	3
100	91	3
100	81	2
98	85	2
96	83	3
96	78	1
93	82	3
98	85	5
96	86	2
96	78	7
95	86	3
95	78	5
95	86	3
96	83	2
95	81	3
95	77	2
95	86	3
96	82	3
96	87	3
96	85	3
95	87	2
95	76	6
98	83	3
98	82	1
98	81	5
98	82	6
96	82	6
93	78	7
95	85	3
96	81	2
95	81	5
96	81	3
96	68	2
95	77	5
95	82	3
96	70	3
95	70	5
98	66	5
95	68	5
96	66	5
97	62	5
98	65	3
97	61	5
91	61	5
95	58	5
97	66	5
95	68	5
96	65	3
92	63	6
93	62	5
93	62	2
93	56	6
96	62	5
96	61	5
96	61	5
95	60	6
91	56	2
90	61	5
95	58	5
96	55	3
96	62	3
98	63	5
97	58	3
98	63	5
98	65	3
97	62	5
98	65	3
97	61	5
97	61	3
97	61	5
92	65	5
90	61	2
92	56	3
90	62	3
90	61	6
90	61	6
87	70	8
88	71	2
87	61	5
90	66	2
90	61	2
88	63	2
86	65	2
88	56	5
97	57	5
96	57	3
88	60	3
95	65	6
95	58	3
93	61	6
95	63	3
96	62	3
96	57	6
91	61	3
90	61	3
91	58	2
91	66	5
93	65	3
100	62	2
100	57	5
100	67	6
100	58	5
100	68	5
100	58	2
100	62	3
100	57	1
100	58	5
100	60	3
100	63	3
100	65	7
100	60	5
100	62	5
100	67	3
95	60	5
100	66	5
95	62	5
100	66	5
100	71	3
90	68	2
87	68	3
85	66	5
82	65	5
85	58	2
85	52	5
85	62	3
83	65	2
85	65	1
86	65	3
85	67	3
86	65	3
85	62	2
88	63	2
85	62	3
85	73	1
88	63	3
86	66	1
88	68	3
90	71	3
96	58	0
96	68	2
96	63	5
98	76	2
100	72	3
98	72	3
100	77	2
100	80	5
100	77	6
100	75	3
100	66	3
100	73	3
100	76	3
100	73	6
100	72	3
98	75	5
100	71	3
97	66	5
98	77	3
100	72	2
100	77	2
100	75	1
98	82	3
100	77	2
100	86	3
98	87	3
100	81	5
100	81	5
100	82	3
98	85	3
98	73	3
98	80	5
100	85	2
100	85	0
100	82	5
100	78	3
100	73	5
100	75	3
98	81	2
97	82	2
96	76	2
95	80	1
90	68	3
88	77	1
88	75	1
87	72	3
85	63	7
86	75	2
87	72	1
85	71	3
80	67	2
81	65	1
80	60	3
80	63	0
77	53	0
81	67	0
80	61	1
83	60	1
88	66	1
