InRange	Assigned	Partially
0	0	0
97	97	0
96	96	0
96	93	3
96	96	0
96	95	0
96	93	3
95	93	2
96	93	1
97	93	1
97	97	1
96	96	0
96	95	1
98	92	1
96	93	1
95	95	1
96	96	0
96	95	5
96	96	1
96	96	1
96	96	1
96	96	1
96	96	1
96	96	1
96	96	1
96	96	1
96	96	1
96	96	1
96	96	1
96	96	1
96	96	1
96	96	1
96	96	1
96	96	1
96	96	1
96	96	1
96	96	1
96	96	1
96	96	1
96	96	1
96	96	1
96	96	1
96	96	1
96	96	1
96	96	1
96	96	1
96	96	1
96	96	1
96	96	1
96	96	1
96	96	1
96	96	1
96	96	1
96	96	1
96	96	1
96	96	1
96	96	1
96	96	1
96	96	1
96	96	1
96	96	1
96	96	1
96	96	1
96	96	1
96	96	1
96	96	1
96	96	1
96	96	1
96	96	1
96	96	1
96	96	1
96	96	1
96	96	1
96	96	1
96	96	1
96	96	1
96	96	1
96	96	1
96	96	1
96	96	1
96	96	1
96	96	1
96	96	1
96	96	1
96	96	1
96	96	1
96	96	1
96	96	1
96	96	1
96	96	1
96	96	1
96	96	1
96	96	1
96	96	1
96	96	1
96	96	1
96	96	1
96	96	1
96	96	1
96	96	1
96	96	1
96	96	1
96	96	1
96	96	1
96	96	1
96	96	1
96	96	1
96	96	1
96	96	1
96	96	1
96	96	1
96	96	1
96	96	1
96	96	1
96	96	1
96	96	1
96	96	1
96	96	1
96	96	1
96	96	1
96	96	1
96	96	1
96	96	1
96	96	1
96	96	1
96	96	1
96	96	1
96	96	1
96	96	1
96	96	1
96	96	1
96	96	1
96	96	1
96	96	1
96	96	1
96	96	1
96	96	1
96	96	1
96	96	1
96	96	1
96	96	1
96	96	1
96	96	1
96	96	1
96	96	1
96	96	1
96	96	1
96	96	1
96	96	1
96	96	1
96	96	1
96	96	1
96	96	1
96	96	1
96	96	1
96	96	1
96	96	1
96	96	1
96	96	1
96	96	1
96	96	1
96	96	1
96	96	1
96	96	1
96	96	1
96	96	1
96	96	1
96	96	1
96	96	1
96	96	1
96	96	1
96	96	1
96	96	1
96	96	1
96	96	1
96	96	1
96	96	1
96	96	1
96	96	1
96	96	1
96	96	1
96	96	1
96	96	1
96	96	1
96	96	1
96	96	1
96	96	1
96	96	1
96	96	1
96	96	1
96	96	1
96	96	1
96	96	1
96	96	1
96	96	1
96	96	1
96	96	1
96	96	1
96	96	1
96	96	1
96	96	1
96	96	1
96	96	1
96	96	1
96	96	1
96	96	1
96	96	1
96	96	1
96	96	1
96	96	1
96	96	1
96	96	1
96	96	1
96	96	1
96	96	1
96	96	1
96	96	1
96	96	1
96	96	1
96	96	1
96	96	1
96	96	1
96	96	1
96	96	1
96	96	1
96	96	1
96	96	1
96	96	1
96	96	1
96	96	1
96	96	1
96	96	1
96	96	1
96	96	1
96	96	1
96	96	1
96	96	1
96	96	1
96	96	1
96	96	1
96	96	1
96	96	1
96	96	1
96	96	1
96	96	1
96	96	1
96	96	1
96	96	1
96	96	1
96	96	1
96	96	1
96	96	1
96	96	1
96	96	1
96	96	1
96	96	1
96	96	1
96	96	1
96	96	1
96	96	1
96	96	1
96	96	1
96	96	1
96	96	1
96	96	1
96	96	1
96	96	1
96	96	1
96	96	1
96	96	1
96	96	1
96	96	1
96	96	1
96	96	1
96	96	1
96	96	1
96	96	1
96	96	1
96	96	1
96	96	1
96	96	1
96	96	1
96	96	1
96	96	1
96	96	1
96	96	1
96	96	1
96	96	1
96	96	1
96	96	1
96	96	1
96	96	1
96	96	1
96	96	1
96	96	1
96	96	1
96	96	1
96	96	1
96	96	1
96	96	1
