InRange	Assigned	Partially
0	0	0
96	81	7
96	80	5
96	78	3
96	82	7
98	82	7
97	86	6
95	78	3
95	76	2
93	80	2
93	75	2
92	73	5
91	77	1
93	77	5
92	78	2
92	88	5
93	83	3
93	83	5
91	83	5
92	82	5
92	82	5
92	78	3
92	86	5
92	90	6
92	85	3
93	83	3
93	86	2
95	87	6
95	90	6
93	83	3
92	82	3
93	85	1
92	87	1
92	80	3
92	87	6
92	85	6
92	83	1
93	86	6
92	77	5
92	82	2
92	82	2
92	87	1
93	85	0
92	83	1
92	81	1
91	87	6
92	83	5
92	81	6
93	80	2
92	81	7
92	82	3
93	83	6
93	86	2
93	88	6
92	80	7
92	85	5
92	83	5
92	81	2
91	81	5
91	76	5
90	78	3
88	86	3
88	83	1
88	82	2
88	80	3
88	81	5
88	77	3
88	82	5
90	80	2
90	81	2
88	80	5
88	85	3
90	86	3
90	90	2
90	83	5
91	88	2
92	85	2
92	77	5
93	83	3
95	88	5
96	95	6
97	95	2
97	82	5
97	92	6
97	91	3
97	86	5
97	93	3
97	85	6
97	92	6
97	90	6
97	88	6
97	90	3
96	91	2
96	91	2
96	91	3
95	86	7
95	85	6
92	90	2
93	88	5
92	88	3
93	92	1
93	90	1
93	87	5
93	87	3
92	87	2
92	83	3
92	86	2
93	83	3
91	86	2
91	86	2
88	86	3
90	87	2
92	86	3
93	92	1
93	91	2
95	91	1
95	90	2
95	93	2
96	93	1
93	91	1
93	92	1
92	91	2
96	92	2
96	93	0
96	87	2
96	86	1
97	91	2
97	92	2
97	92	2
95	87	2
93	88	0
92	88	0
95	91	3
95	91	1
96	92	1
93	90	2
93	93	5
92	91	2
93	93	2
92	92	2
92	86	3
91	90	2
90	86	2
90	81	0
92	85	3
91	83	1
93	88	3
95	92	3
95	90	2
93	90	0
93	87	5
93	87	2
96	83	3
95	77	0
95	80	5
95	83	1
96	90	3
95	80	2
93	82	1
95	83	2
96	86	2
95	85	3
95	81	3
95	81	2
95	83	2
95	85	5
95	86	2
92	83	2
91	83	3
90	75	2
92	87	2
91	90	1
91	88	3
91	91	1
91	91	1
92	85	2
92	86	2
93	86	3
93	90	5
95	90	3
93	93	1
95	90	5
93	90	1
92	85	1
92	86	1
90	88	1
91	82	2
90	78	2
92	87	2
93	88	1
91	83	1
93	81	5
92	85	2
92	81	1
90	83	1
88	80	1
88	87	2
90	83	3
91	88	2
93	88	6
95	87	3
95	83	3
93	86	3
93	90	2
95	85	5
93	86	1
92	83	5
91	87	2
90	82	5
88	87	2
91	88	0
91	87	0
91	87	2
91	91	1
91	86	1
91	91	0
91	86	0
91	87	2
91	87	2
93	92	0
91	91	0
91	91	0
91	91	0
91	91	0
91	91	1
91	91	0
90	88	1
90	90	0
90	90	0
90	90	0
90	90	0
90	90	0
90	87	1
90	90	0
91	91	1
92	92	0
92	91	0
92	91	1
95	92	1
97	97	0
96	93	1
96	93	2
96	95	1
97	95	3
97	96	1
97	96	3
97	96	0
97	91	2
97	95	1
96	88	1
96	95	0
96	90	3
93	93	0
92	87	1
91	91	0
91	91	1
91	91	1
92	86	1
93	87	1
93	93	0
92	92	1
92	92	2
93	93	1
95	95	2
95	92	1
96	93	1
96	96	1
97	93	0
97	93	2
97	97	1
98	95	0
97	90	2
96	93	1
93	93	1
93	93	2
92	92	0
91	90	1
91	87	0
90	86	1
90	88	1
87	83	0
87	86	1
86	86	0
87	87	0
88	88	0
88	88	0
87	87	0
86	83	1
87	87	1
90	90	1
91	91	1
93	91	1
93	90	0
95	91	2
93	91	2
93	91	0
92	92	0
92	91	1
92	91	0
91	91	0
