InRange	Assigned	Partially
0	0	0
96	95	2
96	93	2
96	90	2
96	95	2
98	96	2
97	92	3
95	95	0
95	88	1
93	86	1
93	88	0
92	90	1
91	85	1
93	87	2
92	90	1
92	92	1
93	92	1
93	90	1
91	91	1
92	90	1
92	91	2
92	92	0
92	92	0
92	92	1
92	92	0
93	90	0
93	92	1
95	95	0
95	92	2
93	93	2
92	91	1
93	93	0
92	91	1
92	92	1
92	92	0
92	91	0
92	92	0
93	93	0
92	92	0
92	90	0
92	90	1
92	92	0
93	90	0
92	92	0
92	91	1
91	90	1
92	92	1
92	90	1
93	91	2
92	88	1
92	92	0
93	93	2
93	93	0
93	92	1
92	92	0
92	91	2
92	92	0
92	92	1
91	90	2
91	90	1
90	90	0
88	88	0
88	87	0
88	85	1
88	88	1
88	86	1
88	88	0
88	88	1
90	90	0
90	90	1
88	88	0
88	88	1
90	90	0
90	90	1
90	88	0
91	90	1
92	92	0
92	92	1
93	93	0
95	95	0
96	96	0
97	97	0
97	97	0
97	97	0
97	97	0
97	97	0
97	95	0
97	97	0
97	97	1
97	97	0
97	97	0
97	97	0
96	96	0
96	96	0
96	96	0
95	95	0
95	95	0
92	92	0
93	93	0
92	92	0
93	93	0
93	93	0
93	93	0
93	93	0
92	92	0
92	92	0
92	92	1
93	93	0
91	91	0
91	91	0
88	88	0
90	88	0
92	91	1
93	93	0
93	93	0
95	95	0
95	95	0
95	95	0
96	96	1
93	93	0
93	93	1
92	92	0
96	96	0
96	96	0
96	96	0
96	92	1
97	96	1
97	96	1
97	95	0
95	95	0
93	93	0
92	92	0
95	95	0
95	95	0
96	96	0
93	93	0
93	93	0
92	92	0
93	93	0
92	92	0
92	92	0
91	91	0
90	90	0
90	90	1
92	91	0
91	91	1
93	92	0
95	95	0
95	95	0
93	93	1
93	93	1
93	93	0
96	95	2
95	95	0
95	93	1
95	95	0
96	95	0
95	93	0
93	88	2
95	88	0
96	92	2
95	92	0
95	86	2
95	91	0
95	95	0
95	95	0
95	90	1
92	87	1
91	90	1
90	90	0
92	92	0
91	91	0
91	91	0
91	91	0
91	91	0
92	92	0
92	92	0
93	92	1
93	93	0
95	93	0
93	93	0
95	95	0
93	93	1
92	92	0
92	92	0
90	90	0
91	91	0
90	90	0
92	92	0
93	93	1
91	91	0
93	88	0
92	92	1
92	92	0
90	90	1
88	88	0
88	88	0
90	90	0
91	91	0
93	93	0
95	95	0
95	93	2
93	93	0
93	93	0
95	95	0
93	92	1
92	92	0
91	90	1
90	90	0
88	88	0
91	91	0
91	91	0
91	91	0
91	91	0
91	91	1
91	90	1
91	91	0
91	90	0
91	91	0
93	93	0
91	91	0
91	91	0
91	91	0
91	91	0
91	91	0
91	91	0
90	90	0
90	90	0
90	90	0
90	90	1
90	90	0
90	90	0
90	90	0
90	90	0
91	91	0
92	92	0
92	92	0
92	92	0
95	95	0
97	97	0
96	96	0
96	96	0
96	96	0
97	97	0
97	97	0
97	97	0
97	97	0
97	97	0
97	97	0
96	96	0
96	96	0
96	96	0
93	93	0
92	92	0
91	91	0
91	91	0
91	91	0
92	90	1
93	93	0
93	93	0
92	92	0
92	92	0
93	93	0
95	95	0
95	95	0
96	96	0
96	96	0
97	97	0
97	97	0
97	97	0
98	96	0
97	97	0
96	96	0
93	93	0
93	93	0
92	92	1
91	91	0
91	90	0
90	87	0
90	90	0
87	87	0
87	87	0
86	86	0
87	87	0
88	88	0
88	88	0
87	87	1
86	86	0
87	87	0
90	90	0
91	91	0
93	93	0
93	93	0
95	95	0
93	93	0
93	93	0
92	92	0
92	92	0
92	92	0
91	91	0
